simon_walk_1	0	0	60	64	12	4	44	64
simon_walk_2	60	0	120	64	72	2	104 64
simon_walk_3	120	0	180	64	132	4	164	64
simon_hitstand_1	300	0	360	64	312	4	334	64
simon_hitstand_2	360	0	420	64	372	4	404	64
simon_hitstand_3	420	0	480	64	432	4	464	64
simon_hitsit_0	0	204	60	268	12	223	60	268
simon_hitsit_1	60	204	120	268	72	223	104	268
simon_hitsit_2	120	204	180	268	120	223	164 268
simon_sit	180	204	240	268	192	223	224	268
simon_deflect_0	0	64	60	128	12	76	44	128
simon_death_0	248	205	312	269	248	205	312	269
simon_stairup_1	240	71 300	135 240	66	300	130
simon_stairup_2	300	71 360	135 300	66	360	130
simon_hitstairup_1	300	137	360	201 300	132	360	196
simon_hitstairup_2	360	137	420	201 360	132	420	196
simon_hitstairup_3	420	137	480	201 420	132	480	196
simon_stairdown_1 0	140	60	204	0	140	60	204
simon_hit_down_stair_1	60	140	120	204	60	140	120	204
simon_hit_down_stair_2	120	140	180	204	120	140	180	204
simon_hit_down_stair_3	180	140	240	204	180	140	240	204
