0 56 336 1 1 11
0 184 272 1 1 5
0 312 336 1 1 5
0 440 272 1 1 5
0 568 336 1 1 9
0 696 272 1 1 5
0 824 336 1 1 5
0 952 272 1 1 9
0 1080 336 1 1 5
0 1208 272 1 1 5
0 1312 144 1 1 5
0 1720 144 1 1 6
0 1976 144 1 1 5
0 1464 336 1 1 12
0 1848 336 1 1 12
0 2104 336 1 1 5
0 2232 336 1 1 5
0 2360 336 1 1 5
0 2488 336 1 1 5
0 2616 336 1 1 5
0 2744 272 1 1 5
0 2872 144 1 1 5
0 3008 80 1 1 7
0 3128 336 1 1 12
0 3256 144 1 1 6
0 3384 112 1 1 5
0 3512 272 1 1 5
0 3672 112 1 1 6
0 3768 336 1 1 5
0 3896 80 1 1 7
0 4024 144 1 1 5
0 4152 272 1 1 6
0 4280 144 1 1 5
0 4408 208 1 1 5
0 4536 144 1 1 8
0 4664 336 1 1 5
0 4792 272 1 1 2
0 4920 336 1 1 5
0 5048 336 1 1 5
0 5176 272 1 1 6
0 5304 336 1 1 5
0 5432 272 1 1 5
1 -25 272 1 1 -1
1 -25 304 1 1 -1
1 -25 336 1 1 -1
1 -25 368 1 1 -1
1 -25 400.0 1 1 -1
1 0.0 400.0 1 1 -1
1 32.0 400.0 1 1 -1
1 64.0 400.0 1 1 -1
1 96.0 400.0 1 1 -1
1 128.0 400.0 1 1 -1
1 160.0 400.0 1 1 -1
1 192.0 400.0 1 1 -1
1 224.0 400.0 1 1 -1
1 256.0 400.0 1 1 -1
1 288.0 400.0 1 1 -1
1 320.0 400.0 1 1 -1
1 352.0 400.0 1 1 -1
1 384.0 400.0 1 1 -1
1 416.0 400.0 1 1 -1
1 448.0 400.0 1 1 -1
1 480.0 400.0 1 1 -1
1 512.0 400.0 1 1 -1
1 544.0 400.0 1 1 -1
1 576.0 400.0 1 1 -1
1 608.0 400.0 1 1 -1
1 640.0 400.0 1 1 -1
1 672.0 400.0 1 1 -1
1 704.0 400.0 1 1 -1
1 736.0 400.0 1 1 -1
1 768.0 400.0 1 1 -1
1 800.0 400.0 1 1 -1
1 832.0 400.0 1 1 -1
1 864.0 400.0 1 1 -1
1 896.0 400.0 1 1 -1
1 928.0 400.0 1 1 -1
1 960.0 400.0 1 1 -1
1 992.0 400.0 1 1 -1
1 1024.0 400.0 1 1 -1
1 1056.0 400.0 1 1 -1
1 1088.0 400.0 1 1 -1
1 1120.0 400.0 1 1 -1
1 1152.0 400.0 1 1 -1
1 1184.0 400.0 1 1 -1
1 1216.0 400.0 1 1 -1
1 1248.0 400.0 1 1 -1
1 1280.0 400.0 1 1 -1
1 1312.0 400.0 1 1 -1
1 1344.0 400.0 1 1 -1
1 1376.0 400.0 1 1 -1
1 1408.0 400.0 1 1 -1
1 1440.0 400.0 1 1 -1
1 1472.0 400.0 1 1 -1
1 1504.0 400.0 1 1 -1
1 1536 400.0 1 1 -1
1 1568 400.0 1 1 -1
1 1600 400.0 1 1 -1
1 1632 400.0 1 1 -1
1 1664 400.0 1 1 -1
1 1696 400.0 1 1 -1
1 1728 400.0 1 1 -1
1 1760 400.0 1 1 -1
1 1792 400.0 1 1 -1
1 1824 400.0 1 1 -1
1 1856 400.0 1 1 -1
1 1888 400.0 1 1 -1
1 1920 400.0 1 1 -1
1 1952 400.0 1 1 -1
1 1984 400.0 1 1 -1
1 2016 400.0 1 1 -1
1 2048 400.0 1 1 -1
1 2080 400.0 1 1 -1
1 2112 400.0 1 1 -1
1 2144 400.0 1 1 -1
1 2176 400.0 1 1 -1
1 2208 400.0 1 1 -1
1 2240 400.0 1 1 -1
1 2272 400.0 1 1 -1
1 2304 400.0 1 1 -1
1 2336 400.0 1 1 -1
1 2368 400.0 1 1 -1
1 2400 400.0 1 1 -1
1 2432 400.0 1 1 -1
1 2464 400.0 1 1 -1
1 2496 400.0 1 1 -1
1 2528 400.0 1 1 -1
1 2560 400.0 1 1 -1
1 2592 400.0 1 1 -1
1 2624 400.0 1 1 -1
1 2656 400.0 1 1 -1
1 2688 400.0 1 1 -1
1 2720 400.0 1 1 -1
1 2752 400.0 1 1 -1
1 2784 400.0 1 1 -1
1 2816 400.0 1 1 -1
1 2848 400.0 1 1 -1
1 2880 400.0 1 1 -1
1 2912 400.0 1 1 -1
1 2944 400.0 1 1 -1
1 2976 400.0 1 1 -1
1 3008 400.0 1 1 -1
1 3040 400.0 1 1 -1
1 3072 400.0 1 1 -1
1 3104 400.0 1 1 -1
1 3136 400.0 1 1 -1
1 3168 400.0 1 1 -1
1 3200 400.0 1 1 -1
1 3232 400.0 1 1 -1
1 3264 400.0 1 1 -1
1 3296 400.0 1 1 -1
1 3328 400.0 1 1 -1
1 3360 400.0 1 1 -1
1 3392 400.0 1 1 -1
1 3424 400.0 1 1 -1
1 3456 400.0 1 1 -1
1 3488 400.0 1 1 -1
1 3520 400.0 1 1 -1
1 3552 400.0 1 1 -1
1 3712 400.0 1 1 -1
1 3744 400.0 1 1 -1
1 3776 400.0 1 1 -1
1 3808 400.0 1 1 -1
1 3840 400.0 1 1 -1
1 3872 400.0 1 1 -1
1 3904 400.0 1 1 -1
1 3936 400.0 1 1 -1
1 3968 400.0 1 1 -1
1 4000 400.0 1 1 -1
1 4032 400.0 1 1 -1
1 4064 400.0 1 1 -1
1 4096 400.0 1 1 -1
1 4128 400.0 1 1 -1
1 4160 400.0 1 1 -1
1 4192 400.0 1 1 -1
1 4224 400.0 1 1 -1
1 4256 400.0 1 1 -1
1 4288 400.0 1 1 -1
1 4320 400.0 1 1 -1
1 4352 400.0 1 1 -1
1 4384 400.0 1 1 -1
1 4416 400.0 1 1 -1
1 4448 400.0 1 1 -1
1 4480 400.0 1 1 -1
1 4512 400.0 1 1 -1
1 4544 400.0 1 1 -1
1 4576 400.0 1 1 -1
1 4608 400.0 1 1 -1
1 4640 400.0 1 1 -1
1 4672 400.0 1 1 -1
1 4704 400.0 1 1 -1
1 4736 400.0 1 1 -1
1 4768 400.0 1 1 -1
1 4800 400.0 1 1 -1
1 4832 400.0 1 1 -1
1 4864 400.0 1 1 -1
1 4896 400.0 1 1 -1
1 4928 400.0 1 1 -1
1 4960 400.0 1 1 -1
1 4992 400.0 1 1 -1
1 5024 400.0 1 1 -1
1 5056 400.0 1 1 -1
1 5088 400.0 1 1 -1
1 5120 400.0 1 1 -1
1 5152 400.0 1 1 -1
1 5184 400.0 1 1 -1
1 5216 400.0 1 1 -1
1 5248 400.0 1 1 -1
1 5280 400.0 1 1 -1
1 5312 400.0 1 1 -1
1 5344 400.0 1 1 -1
1 5376 400.0 1 1 -1
1 5408 400.0 1 1 -1
1 5440 400.0 1 1 -1
1 5472 400.0 1 1 -1
1 5504 400.0 1 1 -1
1 5536 400.0 1 1 -1
1 5568 400.0 1 1 -1
1 5600 400.0 1 1 -1
1 1376 272 1 1 -1
1 1408 272 1 1 -1
1 1440 272 1 1 -1
1 1504 208 1 1 -1
1 1536 208 1 1 -1
1 1568 208 1 1 -1
1 1600 208 1 1 -1
1 1632 208 1 1 -1
1 1664 208 1 1 -1
1 1696 208 1 1 -1
1 1728 208 1 1 -1
1 1760 208 1 1 -1
1 1792 208 1 1 -1
1 1856 272 1 1 -1
1 1888 272 1 1 -1
1 1920 272 1 1 -1
1 1952 272 1 1 -1
1 1984 272 1 1 -1
1 2784 208 1 1 -1
1 2784 208 1 1 -1
1 2816 208 1 1 -1
1 2848 208 1 1 -1
1 2880 208 1 1 -1
1 2912 208 1 1 -1
1 2944 208 1 1 -1
1 2976 208 1 1 -1
1 3008 208 1 1 -1
1 3040 208 1 1 -1
1 3072 208 1 1 -1
1 3104 208 1 1 -1
1 3136 208 1 1 -1
1 3168 208 1 1 -1
1 3200 208 1 1 -1
1 3232 208 1 1 -1
1 3264 208 1 1 -1
1 3296 208 1 1 -1
1 3056 80 1 1 -1
1 3056 240 1 1 -1
1 3056 272 1 1 -1
1 3056 304 1 1 -1
1 3056 336 1 1 -1
1 3056 368 1 1 -1
1 3328 272 1 1 -1
1 3360 272 1 1 -1
1 3392 272 1 1 -1
1 3584 240 1 1 -1
1 3616 240 1 1 -1
1 3648 240 1 1 -1
1 3680 240 1 1 -1
1 3712 240 1 1 -1
1 3744 240 1 1 -1
1 3584 272 1 1 -1
1 3584 304 1 1 -1
1 3584 400 1 1 -1
1 3616 304 1 1 -1
1 3616 336 1 1 -1
1 3616 368 1 1 -1
1 3680 272 1 1 -1
1 3680 304 1 1 -1
1 3680 336 1 1 -1
1 3680 368 1 1 -1
1 3776 272 1 1 -1
1 3808 272 1 1 -1
1 3840 272 1 1 -1
1 3904 208 1 1 -1
1 3936 208 1 1 -1
1 3968 208 1 1 -1
1 4000 208 1 1 -1
1 4032 208 1 1 -1
1 4064 208 1 1 -1
1 4096 208 1 1 -1
1 4128 208 1 1 -1
1 4160 208 1 1 -1
1 4192 208 1 1 -1
1 4224 208 1 1 -1
1 4256 208 1 1 -1
1 4288 208 1 1 -1
1 4080 240 1 1 -1
1 4080 272 1 1 -1
1 4080 304 1 1 -1
1 4080 336 1 1 -1
1 4080 368 1 1 -1
1 4352 272 1 1 -1
1 4384 272 1 1 -1
1 4416 272 1 1 -1
1 4448 272 1 1 -1
1 4480 272 1 1 -1
1 4512 272 1 1 -1
1 4544 272 1 1 -1
1 4576 272 1 1 -1
1 4608 272 1 1 -1
1 4640 272 1 1 -1
1 4672 272 1 1 -1
1 5440 336 1 1 -1
1 5536 272 1 1 -1
1 5568 272 1 1 -1
1 5600 272 1 1 -1
1 5616 80 1 1 -1
1 5616 112 1 1 -1
1 5616 144 1 1 -1
1 5616 176 1 1 -1
1 5616 208 1 1 -1
1 5616 240 1 1 -1
1 5616 304 1 1 -1
1 5616 336 1 1 -1
1 5616 368 1 1 -1
1 4032 80 1 1 -1
1 4064 80 1 1 -1
2 1248 368 0 1 -1
2 1280 336 0 1 -1
2 1312 304 0 1 -1
2 1344 272 0 1 -1
2 1440 240 0 1 -1
2 1472 208 0 1 -1
2 1856 240 1 1 -1
2 1824 208 1 1 -1
2 2592 368 0 1 -1
2 2624 336 0 1 -1
2 2656 304 0 1 -1
2 2688 272 0 1 -1
2 2720 240 0 1 -1
2 2752 208 0 1 -1
2 3424 272 1 1 -1
2 3456 304 1 1 -1
2 3488 336 1 1 -1
2 3520 368 1 1 -1
2 3168 400 1 1 -1
2 3872 272 1 1 -1
2 3904 304 1 1 -1
2 3936 336 1 1 -1
2 3968 368 1 1 -1
2 3808 400 1 1 -1
2 4320 208 1 1 -1
2 4352 240 1 1 -1
2 4704 272 1 1 -1
2 4736 304 1 1 -1
2 4768 336 1 1 -1
2 4800 368 1 1 -1
2 5472 304 0 1 -1 
2 5504 272 0 1 -1
3 3056 112 1 1 -1
3 4080 112 1 1 -1
4 500 335 2 1 5
4 532 335 2 1 6
4 564 335 2 1 -1
4 1400 335 2 1 5
4 1432 335 2 1 11
4 2400 335 2 1 6
4 2432 335 2 1 5
4 2480 335 2 1 13
4 2812 335 2 1 -1
4 2862 335 2 1 5
4 4512 207 2 1 5
4 4480 335 2 1 -1
4 4544 335 2 1 -1
4 4900 335 2 1 5
5 1376 238 3 1 -1
5 1760 174 3 1 -1
5 1888 238 3 1 -1
6 3328 208 2 1 5
6 3328 208 2 1 5
6 3840 208 2 1 5
6 3840 208 2 1 5
8 5296 96 2 1 17
9 3168 430 2 1 -1
9 3808 430 2 1 -1
11 2016 272 0 1 11
11 3584 336 0 1 -1
11 3584 368 0 1 16
11 5472 336 0 1 14