 123_map0[576] = {
-1038, 0, 0, 0, 0, 0, 0, 0, 0, 0, 0, 0, 0, 0, 0, 0, 
0, 0, 0, 0, 0, 0, 0, 0, 0, 0, 0, 0, 0, 0, 0, 0, 
0, 0, 0, 0, 0, 0, 0, 0, 0, 0, 0, 0, 0, 0, 0, 0
,
0, 0, 0, 0, 0, 0, 0, 0, 0, 0, 0, 0, 0, 0, 0, 0, 
0, 0, 0, 0, 0, 0, 0, 0, 0, 0, 0, 0, 0, 0, 0, 0, 
0, 0, 0, 0, 0, 0, 0, 0, 0, 0, 0, 0, 0, 0, 0, 0
,
0, 0, 0, 0, 0, 0, 0, 0, 0, 0, 0, 0, 0, 0, 0, 0, 
0, 0, 0, 0, 0, 0, 0, 0, 0, 0, 0, 0, 0, 0, 0, 0, 
0, 0, 0, 0, 0, 0, 0, 0, 0, 0, 0, 0, 0, 0, 0, 0
,
0, 0, 0, 0, 0, 0, 0, 0, 0, 0, 0, 0, 0, 0, 0, 0, 
0, 0, 0, 0, 0, 0, 0, 0, 0, 0, 0, 0, 0, 0, 0, 0, 
0, 0, 0, 0, 0, 0, 0, 0, 0, 0, 0, 0, 0, 0, 0, 0
,
0, 0, 0, 0, 0, 0, 0, 0, 0, 0, -1498, 3, 0, 0, 0, 0, 
32, 0, 1, 12, 4, 0, 4, 0, 4, 0, 2, 0, 4, 0, 4, 0, 
0, 0, 0, 0, 0, 0, 0, 0, 0, 0, 0, 0, 0, 0, 0, 0
,
0, 0, 0, 0, 0, 0, 0, 0, 0, 0, 0, 0, 0, 0, 0, 0, 
0, 0, -1497, 0, -1209, 0, 0, 0, 12, 0, -756, -242, -872, 0, 17, 0, 
-1814, 0, 0, 0, 0, 0, 0, -2048, 0, 0, 63, 0, 0, 0, 68, 35
,
77, 77, 68, 69, 0, 65, 80, 73, 35, 0, 48, 46, 48, 46, 48, 46, 
48, 48, 48, 48, 48, 48, 48, 48, 0, 46, 0, 0, 0, 56, 0, 0, 
56, 55, 48, 45, 0, 51, 55, 0, 45, 52, 52, 0, 49, 45, 57, 54
,
49, 53, 45, 48, 50, 0, 50, 0, 48, 56, 0, 51, 55, 53, 50, 0, 
35, 0, 0, 54, 51, 50, 55, 0, 0, 0, 45, 0, 0, 0, 0, 45, 
52, 57, 52, 57, 45, 0, 0, 56, 0, 45, 57, 57, 49, 0, 57, 55
,
54, 0, 55, 57, 0, 50, 0, 0, 0, 0, 0, -1920, 0, 0, 1, 0, 
-316, -1497, 0, 0, 0, 0, -389, 0, 0, 0, 1, 0, 1, 0, 0, 0, 
0, -241, -289, 0, 0, 0, 0, 0, 1, 0, 0, 0, 10, 0, 0, 0
,
8, 0, 0, 0, 8, 0, 0, 0, 16, 0, 0, 0, 0, 0, 0, 0, 
0, 0, 0, 0, 0, 0, 0, -1984, 0, 0, -749, 0, 0, 0, 0, 0, 
64, 0, 54, 0, 0, 0, 8, 0, 0, 0, 0, 0, 0, 0, 0, 0
,
0, 0, 19, 0, 0, 0, 10, 0, -639, 0, 2, 0, 64, 0, 0, 0, 
0, 0, 1, 0, 1, 0, 0, 0, 3, 0, 0, 0, 0, 0, 0, -1920, 
0, 0, 1, 0, -1722, -510, -1367, 0, -694, 0, -437, 0, 0, 0, 1, 0
,
1, 0, 1, 0, 0, -241, -289, 0, 0, 0, 0, 0, 1, 0, 0, 0, 
10, 0, 0, 0, 8, 0, 0, 0, 8, 0, 0, 0, 12, 0, 0, 0, 
0, 0, 0, 0, 0, 0, -80, 0, 0, 0, -804, 0, 0, -1285, -1216, 0

};

